SILICON
4 poles (300nm 1000nm) from Jhon paper it is stable
4 1.2791e+64 7.2843e+47 4.9912e+32 1.1920e+16 1.0000e+00 1.0913e+63 6.1040e+46 6.8576e+31 2.0394e+15 1.0000e+00

PtYAl [from Henning]
8 poles
8 4.6616e+126 6.8660e+111 3.0270e+96 1.5500e+81 3.1790e+65 2.7600e+49 3.2170e+33 1.9480e+15 1.2300e-01 0. 3.2840e+109 2.5020e+94 1.4150e+79 5.9070e+63 1.3660e+48 1.7500e+32 1.5840e+16 1.0000e+00
6 poles 
6 6.007091403832425e94 8.667822326463034e79 3.539783110098419e64 1.7650531125748062e49 3.0154522868636345e33 1.361484516335166e16 1. 0. 4.277856891093586e77 3.13521271105486e62 1.6970702610568317e47 6.794126931651064e31 1.361484516335166e16 1. 
both unstable to be redone!!
